669045
934743
1477542
1303223
1183682
1447171
1486198
985054
1283398
698364
1170502
1054404
936416
1058953
936453
1697529
1360073
1232895
922813
1506101
717803
1325523
913870
1258473
958246
955645
1504279
1291089
1180264
1403379
1581909
1386029
1178590
1180134
1143671
1413372
1280612
1225306
1617742
1282552
1193372
975830
741529
989593
896264
1106877
1080665
1250971
1200487
1214065
1074142
1310074
1103511
985944
1253384
1329288
1269132
1643614
878461
1045123
1117104
1548530
1293504
1095008
1187343
1093304
1295353
1086952
1246369
1478989
1392547
813554
1018397
616895
670866
1140413
813289
1268683
1008529
1256314
1116927
1398207
962758
1387413
1181756
1188271
951002
1160539
1095718
1066508
1171799
1141044
1239756
1583003
1180790
1215885
339706
1332476
1108675
958343
1105960
1499454
1377350
1172300
1222049
818916
1298219
1249355
1088946
1308117
1411914
885005
1075661
1583069
1450139
1284207
1286967
1268683
1279924
1069134
950411
1189779
1255271
1128426
1058743
1291739
1193240
859114
1209893
1062298
1222066
1217561
1308816
1419516
1344940
1056329
1344473
1345151
1060036
1106438
1467096
1207850
1304921
1153175
1629845
1425203
1222520
1427932
1262972
833860
1187038
1534216
827431
1182320
930753
1106827
1575684
1398891
886370
1026450
1033826
1199675
1541636
1309246
1183805
991897
1160847
1381425
1119244
1286247
962790
1205906
1303065
1056711
1436650
1101170
1261459
963954
929136
1298300
930336
1930614
1389204
1118803
1053967
812215
1369299
1234535
1156207
1184952
1393755
1294192
906044
1292569
1338307
978465
1072636
1079045
1119213
1475986
860816
1311777
941959
1015212
1195268
1011230
1138945
1075303
1055480
977292
1579837
1367795
1447354
1183055
1215040
1439672
1483406
1329444
1226990
1087991
1069160
849131
1525146
1106697
1178169
787915
1224731
1164514
1070733
1129413
486683
874800
876126
1350102
1285671
1229722
1461743
1152699
1210603
1112073
819258
853774
983489
930947
1406847
1141761
869843
990267
1025019
1383871
1168366
1130101
1520505
1138066
1385629
1291040
1710242
1574950
1339138
1532737
1264077
1533198
1271722
1153124
924940
1111758
1260663
1556409
1001879
1354469
859357
1290062
1207588
1189926
1333994
853619
1108286
1146441
1362977
952644
1470213
1290653
1178955
1002579
1312437
1335086
1559918
1087296
1312604
1029231
1461287
1040006
1027777
1106690
1662542
1577194
1048594
866721
1332851
1242746
1192733
1064915
1351362
1062677
1056958
1556101
1031171
1566381
1320740
860526
1076762
1205694
1248280
945860
1272949
1331923
1263201
1146245
1352051
1200855
1224339
1296240
663578
1454506
1055377
1220417
1317988
1369769
1419315
1880847
1455963
1040971
578602
1346617
1118112
1227896
1511394
956234
1370111
1202299
1140698
1158384
1329056
1102495
1164562
1133695
1282936
1418666
1140746
1144727
1022828
1307109
1313458
1122020
1376401
1220710
782469
907668
1017027
1717678
1181756
564773
1819154
1121468
1112885
1310462
1448640
1111910
1103967
1418262
1229368
1224339
1149152
1313944
914689
862045
1052044
1278716
744298
1704743
1296385
1250522
1149447
1404976
1223685
1046174
1337543
1203680
1203960
1360623
1014276
1146026
1538241
1328822
1144157
1095456
846848
1443600
1043982
765476
1135598
1450072
1062489
1189414
1346777
1087163
1222520
809661
1139968
1111289
1061353
958135
1228902
1396759
1289003
1315367
896894
841139
1512590
1114837
1134511
1223085
1070203
1283260
1418299
1087801
1388281
1406197
1297258
1179218
1071344
1232003
1356733
880688
1279245
1388044
1277843
1404998
1160947
1757699
1075311
1280555
846740
1263046
1233151
1147617
1271680
1203197
1167925
1065643
1573131
1263144
1244799
1254140
1797140
1062892
1315916
1048136
1286737
1798333
1290428
786807
1410315
1153233
857900
1075925
1102146
1556918
770784
1218084
1158897
1436843
1089415
1110273
1077805
1268804
1283103
1152205
1087220
1133675
1028527
1226429
1018397
1183689
930031
1528569
1348098
1013982
880233
1352398
1317177
1196447
1226888
520041
1367791
1229967
1519598
1337133
1339698
1410187
1198010
1465739
1146638
1457116
1243312
1197326
1398207
1373010
990281
1180310
0
1132220
1163560
1153085
1355361
1254912
1290574
1281295
1397219
1151535
1305444
1011598
1193435
1165760
973570
1329041
1456305
1180134
924963
1065773
1391401
1175787
1502053
1263764
1502749
1376282
1261691
1938374
1222624
1018511
1268083
921263
1189204
1339278
974448
1264732
1387006
1395199
1079064
1430498
1086806
818996
1404881
1256117
1079606
1070391
1722464
1336691
1317308
865129
1298996
934114
935923
791005
1338049
1478882
1338003
941489
1550250
1189198
1391084
1198357
1236349
1069105
1087697
1574950
1575002
1159748
1129803
1014000
1523674
1123583
1375292
1050728
1196968
1342899
1370651
1366436
1345421
983577
1204207
1436404
950151
965363
1239211
612330
1364118
1064942
1468932
1189953
1012188
1303686
1305944
1188641
1154623
1131485
881228
1136697
1105453
1179547
1191199
1027827
1228621
1364279
969872
1502740
1158201
1149454
1399154
1053930
974069
1143084
1078870
657968
1259066
1343639
1180134
1415411
1352624
1299050
1020852
1220707
1082234
1199393
1075797
1007262
1106154
1421661
1401477
1277461
1212730
1309465
1155087
1028711
1403086
1163576
1221358
1497840
666445
1416234
840860
1236521
1301031
1221688
1298314
1200558
1197338
1528077
1262977
1109086
1134313
1083684
1360038
1070868
1071885
970469
1603048
977608
1044952
1053689
1690098
1375530
1527337
1006752
1040982
1244559
1359313
1511301
941921
887290
1025209
1339627
970358
1290296
1204435
1189473
1105840
1467211
1139590
1274780
1449659
1191585
1067140
1391408
1322356
710392
921433
1428062
1134907
1004123
595069
1080030
1035781
1159394
1096021
1057857
431650
1026450
1345934
1163909
1091441
1525479
920434
866721
1002263
2163093
1201096
1017367
1585845
960857
969526
1257245
1401770
687717
1026451
1095572
1197439
1296339
1377890
1250022
1418666
1101331
1292542
1300742
1172129
1417526
1145648
1564883
1329019
1192489
1258250
1606590
1247146
1214694
1499454
940106
1032608
1271385
1123574
926745
1131426
1086871
1369472
951908
1357772
1226448
1415460
1419402
1096867
1146259
878625
1322441
1620564
1614565
1359942
1280013
929857
1017876
992137
1031818
1284096
1641935
1061706
1224009
1268850
1067572
1217324
1386779
1077510
1219185
1190671
278764
1242438
1141494
1214916
1003111
927205
1181478
860444
1015590
1100502
1090580
1220713
1069911
1147731
998309
1244799
1261362
1322934
1238194
1272446
1797140
1176267
1013231
989984
1401637
1178955
1248069
1218695
1153955
1222049
998595
1149430
1512590
1225545
1279895
1295807
1179241
939439
1663895
1245595
1464769
1240039
1009114
1401039
1478848
1314189
1296138
1279924
833844
1287396
1002579
1166584
1026642
1370716
1429260
1323699
1024569
1371089
1373405
1432365
1391320
928260
1309714
1266294
1047297
1161432
1168710
1034770
1287224
1500064
1058540
1119939
1317182
1147839
1336854
1012578
1181853
1225601
1125581
1343155
839778
1547290
1269161
934929
1359574
1142030
1276859
1099788
1309732
1069396
952225
1081754
666191
1274761
1178108
1514615
1445507
981477
888149
1422819
1069502
1017210
1434093
1138427
981743
1082252
1090249
1013982
849288
1189316
1302628
1171650
1047442
1157152
1009168
1346203
1055215
1223167
1066388
1465145
1094493
1264174
1086374
1199105
731115
1235531
1102670
1501468
1082556
999234
910513
1184744
1320568
1087895
1248347
1220563
1450231
1422842
1435210
1280555
1336688
998609
1065744
1339164
1454372
1193425
1571211
1228009
1488190
1264795
1393806
954291
1123207
1303348
1191799
915047
1185830
1321095
1400794
1067123
1075799
1152621
1297303
1260073
934101
628154
1301910
1262690
949507
1224864
1165351
957076
1347238
951999
1154730
1340743
900178
1159322
1280932
1107930
951060
1084604
1171039
1075705
784118
1322574
866988
1298300
901809
1085154
1334973
1553487
1086952
1331266
1484069
1281247
1184571
1326110
1418666
1230287
988010
1349663
1238731
1055377
1202385
1227692
1146944
1292878
1265125
1117359
1055076
1070426
970461
1123520
1087383
1389890
752924
1321693
1042807
1202751
946566
1172441
1491797
1199797
1383412
762891
1303732
1166147
1356011
1132877
1620564
1418406
1411279
1130415
1451939
1258327
888534
607854
1354207
641092
1349952
1284720
1188397
903613
394690
828307
1050728
877453
1169969
1253159
1419547
1099706
1302026
1072072
1434658
1098186
1117682
1699440
577090
1231906
1318575
1010842
1408470
1143779
1110503
1187970
1425047
974095
976845
1000904
1283590
1254533
1637875
1638579
855155
1164216
1622544
847564
1253509
1205133
1203219
1238992
1295470
1603321
1185671
697393
1267868
1325523
1181756
728283
1545143
1080680
976748
1378537
1222351
1276378
1449670
1005104
784392
1262339
892170
1423560
1276019
1114283
1491803
895701
1255601
1241151
1316983
1315843
1020852
1155118
1479572
1276831
1016544
845279
1179620
1008529
1411914
1424420
1162876
781658
1351181
1862624
1056421
938609
1111558
431146
1189953
1408412
1289126
1263341
963652
1291870
1098712
1363489
1379897
1528715
1317058
1125912
1202296
1249411
961098
1261686
1057843
888357
1586757
1312059
1420709
1603058
834628
906827
1425732
1320740
910513
1336185
1153891
1467880
1080856
1477162
953173
1260206
747221
1305722
850541
1255207
1495278
1359313
787915
662009
1206147
581767
997008
1173526
1257283
1171039
991994
1513530
1030164
1416190
1056856
1355130
1460248
1725868
983027
1248161
1261796
623313
809661
1387378
1354501
1285706
976550
1046156
1214273
1095456
1240295
1137384
958784
1246008
855614
1212135
1134544
1143629
1100885
1124493
1064856
1072742
1222907
1054279
1126646
1098556
1140925
986836
1220678
867161
1066240
1407276
1244559
1272354
1411199
1234545
868514
1291583
1218477
1098360
1089381
1243959
1046242
1600068
1568150
1444091
1543821
1571482
1280681
1511013
1061777
991177
1367301
973543
1552535
1296299
1209057
1090501
1241704
1100169
1056868
1361759
1072728
1274444
1062545
1471954
1467881
1208754
1048041
1124001
1505450
1091744
963743
1008314
1375851
1056903
1617198
1511288
1108340
1172500
1243246
1443600
1368587
940106
1167734
1195563
897659
1230127
1336104
1203800
1239713
1889113
1159340
1344570
1076242
1290653
1329515
1370838
1053116
960604
1552696
1521014
1304988
1346297
1037795
1358853
897072
1284207
1066920
1188230
1398544
1252471
709394
1039038
1340421
1317766
791005
1548005
1360227
1306091
1051596
1082962
1514065
1501060
950424
1012136
1186471
1286662
1280728
1046708
1261736
811273
1512577
818899
955629
1111622
1034504
1200643
1135460
1170482
1259159
1739110
1484992
849977
1137695
1679154
1361891
1195846
1105946
1089756
1054980
1267610
1196959
1333994
1055252
1001916
876015
1147181
847661
1214119
793750
1256394
1427751
947790
1012688
1021317
1188772
1336867
1239352
993733
1409473
1039659
989686
1167085
1007683
1330055
1039922
1432153
1020983
884943
1225306
1038052
1488896
1053826
729976
1414787
1112423
1226448
982185
1363897
1646989
1263225
978728
1117705
1320453
1117104
886423
1484069
1337066
1081232
1239803
1208133
1246353
1679581
1234036
1299080
1343027
1291739
1220203
1174016
1240008
981799
1394449
1538297
859614
804560
1431258
1230039
988811
1168262
1284599
1095090
1348859
1192910
997675
1267133
1225056
698681
1151355
1527484
1613811
1305944
1357394
1070780
1673357
1017087
1174418
1493226
1154730
1225025
1200164
741574
1397045
971802
1039627
1384321
1336872
1404491
865612
1208926
1027066
1041682
655428
712849
1066927
809820
1419235
571475
1159740
1171622
1232191
986827
1217996
1303165
991638
928999
1288385
1379631
1247875
1205513
1313455
1473698
1163909
979202
1320285
1031749
675780
1166887
1041737
1429126
1151103
1044780
1162169
1192674
1050363
1167734
1216109
1001458
934022
1551472
1388525
1506529
1266609
1079606
1201564
1120547
1703529
1138337
1184333
1324426
1003035
1408069
1228247
796385
1294979
1104195
1407383
1277193
930750
1165051
1366449
1232074
1441027
982831
1004677
1303375
765235
1247806
1022484
1225201
1143604
1295235
1394658
1025116
1203734
1277180
781610
893588
1096021
887329
1383645
1252107
1480635
871584
1154730
930972
1793411
1627432
1199797
1268531
1507822
1176664
1203803
945815
1248922
1194591
778641
1312368
1034338
1173058
996057
1724628
1119433
1279519
1143377
866830
993733
1194718
986836
1538124
1130780
954660
1005196
1412834
1610594
1249411
1621453
1050034
1165760
1328125
1178070
1215134
1008672
1164587
1418559
1073064
990979
1263114
1152492
1194832
1274307
1501468
1146500
884857
619388
1489386
1328763
1710210
1090330
1434910
1256369
1164992
716656
1337899
1228009
1115599
1204627
1110695
943302
1111738
1353166
1242558
1292636
1400870
1266189
1105681
1346779
1189158
1200558
1221873
1418727
1126964
1527067
1385896
1230037
1518007
1087338
1354209
1250546
1537541
888275
1244799
1286229
1428113
935528
1260828
1355747
1363124
1017893
1377326
1375776
1341944
1028172
1109327
1416560
1156628
1136934
1282753
1253847
1417246
1205767
1192162
1247222
668850
1310189
1388044
1176559
1206949
738871
1334678
1036978
1193130
920250
1246929
1141458
1224379
1059680
1019004
1429581
1048115
1337436
1276268
1320899
1061048
1056701
1445267
1283145
1220710
1406475
1387903
928900
1314966
1053750
1308455
1328125
1196855
1057726
1334535
1058743
1366254
1032901
1307628
899098
1188576
769982
1370276
901099
1428780
1058759
770243
1203826
1219880
1241045
1245112
1541589
1575744
1382986
936453
862139
1248344
1007928
1059858
1144597
1365686
1235635
1206452
1080861
1279245
1168312
1357038
1314185
1132811
1062799
1391437
1107241
809302
1179547
1075499
1618033
1317368
1320520
1655428
1340302
1100438
1168970
1428408
1293765
1042807
1311489
1028549
1388049
883048
1207590
1288688
1303065
1614991
1501468
1312216
1314758
1191048
1097270
1377350
1344468
1173901
1254140
1316825
995525
1278477
1037478
1207850
916328
1161868
1211985
1204207
965512
1262722
1350102
735786
1168025
1378295
989846
1437139
1078304
1035348
1504061
1111855
1093445
1473705
1216031
1372702
1029361
1638819
1086438
1066384
1223199
1074724
1163426
1341453
1250004
1383005
1395416
980978
1186259
1576884
1348166
1311489
1129145
897385
1018930
943000
1085736
1219394
795491
1181064
1252369
1046160
1366085
1299785
1192498
1041731
1396184
1122968
1377326
942144
930554
756510
1129648
1318575
1532326
1239352
1134400
1501978
1104138
1350411
1076608
1189769
1265131
1069160
1297956
973057
1277460
1366567
1111450
1623215
1306903
1092062
1490869
1443339
1184784
1113450
1875406
1411424
1029126
1030814
1178020
1267314
1281514
1430728
1229554
1534648
950482
1638579
1088641
1292158
989686
1249235
1004482
1366797
1008647
1191512
836273
1576262
1234545
1003639
1050227
886370
1142992
1217349
1250944
1181691
1541247
1638559
1224740
819391
853187
1552696
1279260
807439
1157125
1199361
1162721
1252447
1329912
1246409
1023202
1130005
1205513
1218702
1426796
1282210
1059738
1512815
1788963
1412831
894216
1420672
966471
946261
1125634
1198376
1307913
1027831
1825509
1141011
1091205
1093013
1036480
1173360
1066718
870559
1135580
1037873
1556026
1259413
1226334
1312299
1430584
1249383
1411279
1267742
1336246
1074272
897237
1681152
1118951
1123105
955133
1104673
1071349
1261950
1075799
971754
1177541
989537
1187360
1358853
1028021
1257419
1276433
1390672
1098733
1305944
1116851
965030
1146037
1419393
1350102
1754009
981799
1503621
1183090
1578701
1160130
1336740
842912
1141926
1039241
1046995
1223253
840272
971520
824676
943526
1119290
1017691
1270515
1306263
1372392
1351883
1228148
1373405
1379522
1404192
1316984
850017
1000508
1160539
1491803
1140692
1146922
1288059
1251777
1178496
1056329
1171439
876371
1307613
1565032
1017741
1257419
945422
1354222
1370458
1011547
1232191
1146500
1096230
562302
983577
1034979
1333345
1129584
1581998
1503305
1199011
1062630
1015007
1142992
1067185
1069507
1105678
1486872
1239174
1417246
1107930
1382070
1019540
1190747
1205168
1315507
755094
987481
1056958
877631
1286751
1218582
1005239
1625832
1244090
1306748
1186425
1717678
1198357
1330728
1015556
1088140
1185325
1353556
1068926
1534648
1073521
1142122
820926
